tree
version=v4
num_class=1
num_tree_per_iteration=1
label_index=0
max_feature_idx=17
objective=binary sigmoid:1
feature_names=wp wp_margin odds field_size distance_bucket class_bucket track_cond_bucket venue_type barrier_relative age days_since form_score form_trend value_rating speed_map_pos weight_diff career_win_pct career_place_pct
feature_infos=[0.13670328527747108:0.99762866938419026] [6.9740310071786382e-05:0.99664219760302197] [1.0700000000000001:201] [5:20] [1:5] [0:5] [0:5] [1:3] [0:2.75] [2:12] [1:1260] [0:1] [-4.5:4.5] [0.3570555892826589:126.36072543812065] [1:4] [-6.8333333333333357:8.2272727272727266] [0.02:1] [0.066699999999999995:1]
tree_sizes=2851 3007 2964 3284 3333 3110 3298 2895 3219 3217 3119 3202 2901 3097 2921

Tree=0
num_leaves=27
num_cat=0
split_feature=0 13 13 0 13 16 16 0 1 16 1 0 1 0 3 17 3 16 9 1 0 15 12 0 17 0
split_gain=419.617 195.059 148.327 100.266 42.0204 39.9915 37.1068 34.7315 23.0713 51.2964 19.0811 17.0516 14.7614 12.08 11.6969 8.40602 6.79471 7.52905 5.94261 5.77573 5.23097 3.29074 2.85388 2.74562 2.7122 1.8018
threshold=0.27575413972000967 1.3537379738542705 0.83254619597094637 0.55580812312017158 1.2184712903659525 0.13820000000000002 0.20760000000000003 0.36935085201776485 0.040843790411758348 0.18955000000000002 0.071430176026436976 0.23880322640031143 0.069419946631203835 0.38673337423127541 10.500000000000002 0.44245000000000007 12.500000000000002 0.19290000000000004 5.5000000000000009 0.2310954952352581 0.58478051524645003 0.75833333333333297 -0.24999999999999994 0.2240280198193661 0.35310000000000002 0.62529510975705671
decision_type=2 2 2 2 2 10 10 2 2 10 2 2 2 2 2 2 2 8 2 2 2 2 8 2 2 2
left_child=1 5 6 4 12 11 10 -8 9 21 -2 14 -4 -6 -1 -13 23 -18 25 -12 -20 -3 -9 -10 -7 -5
right_child=2 8 3 18 13 24 7 22 16 -11 19 15 -14 -15 -16 -17 17 -19 20 -21 -22 -23 -24 -25 -26 -27
leaf_value=2.980771088506339 2.8674251839098837 2.9911721728800371 2.919035605238578 3.0593286729870481 3.0184644320407741 2.919074829565897 2.718460797648103 3.0190418314060001 2.9930512234391808 2.7684390034529853 3.0410019401791781 2.9332071867479899 2.9961126892427918 3.0433118520091975 2.7754221802945604 3.0554282409154041 2.9290415524654394 3.0425448628179734 2.9839071985832595 2.950026731645182 3.0520693086368405 3.0595800333275447 2.9270463342599626 3.0536587810799927 2.7015146545486779 3.074539533414498
leaf_weight=1.5449671447277085 2.0746701657772082 3.0016504526138332 6.5330039262771598 36.902643799781799 77.91048601269722 1.5008252263069142 3.4430696368217459 1.5008252263069151 1.3242575526237477 2.3836635947227478 5.9591589868068695 2.7809408605098724 49.041671365499496 127.52600231766701 2.9575085341930389 1.5449671447277067 2.3395216763019553 2.0305282473564148 2.6926570236682883 1.3242575526237486 10.858911931514738 2.118812084197998 2.295379757881165 9.5787962973117811 11.344473034143446 160.41173154115677
leaf_count=35 47 68 148 836 1765 34 78 34 30 54 135 63 1111 2889 67 35 53 46 61 30 246 48 52 217 257 3634
internal_value=3.02537 2.88003 3.03885 3.04414 3.02342 2.77599 2.89629 2.81736 2.98558 2.91955 2.97204 2.88494 2.98524 3.03388 2.82403 2.97521 3.02285 2.97605 3.0697 3.01794 3.03625 3.02123 2.95343 3.04376 2.71705 3.0719
internal_weight=532.925 44.4509 488.474 471.877 261.011 21.6737 16.5974 7.23927 22.7772 7.50413 9.35809 8.82838 55.5747 205.436 4.50248 4.32591 15.2731 4.37005 210.866 7.28342 13.5516 5.12046 3.7962 10.9031 12.8453 197.314
internal_count=12073 1007 11066 10690 5913 491 376 164 516 170 212 200 1259 4654 102 98 346 99 4777 165 307 116 86 247 291 4470
is_linear=0
shrinkage=1


Tree=1
num_leaves=27
num_cat=0
split_feature=0 13 0 1 13 13 13 15 15 1 15 8 10 2 13 12 5 8 0 1 12 0 1 12 0 9
split_gain=359.842 197.331 68.59 65.2501 32.1214 30.4695 17.3804 16.8512 17.0614 14.1305 13.8969 11.1776 11.043 7.7039 7.06027 6.91331 5.32689 14.6553 4.60382 4.39089 4.23459 3.12478 1.82205 1.45912 1.04677 0.419413
threshold=0.35462022407961352 1.1184341725493223 0.58478051524645003 0.045994207639656039 1.2106533086352245 1.3734198395944615 0.7988277162497982 1.6519230769230762 0.65192307692307605 0.040843790411758348 1.5477272727272722 0.095454545454545472 12.500000000000002 4.1500000000000012 2.5841205295188385 -0.94999999999999984 2.5000000000000004 1.1180555555555558 0.30518095856381894 0.13510634135879082 0.65000000000000013 0.48096347906309073 0.31865209497091612 0.55000000000000016 0.59074374650319916 6.5000000000000009
decision_type=2 2 2 2 2 2 2 2 2 2 2 2 8 2 2 10 2 2 2 2 10 2 2 8 2 2
left_child=1 3 4 18 11 7 19 8 -3 10 -7 21 -13 -9 -11 -8 17 -6 -1 -5 -18 -2 -4 24 -24 -25
right_child=2 5 22 6 16 9 15 13 -10 14 -12 12 -14 -15 -16 -17 20 -19 -20 -21 -22 -23 23 25 -26 -27
leaf_value=-0.26914618009100438 0.042981893406953922 -0.060735918681246628 -0.0020099160001968383 -0.18692466915144135 0.010684305740570364 -0.085115283923575216 -0.010889261123458144 0.030701186976403724 -0.17975248236217364 -0.01372659592056168 0.03562333514811742 -0.088910389917197991 -0.02603044388158883 -0.060412836291033917 0.023387760504384472 -0.091595589047752307 0.014600185610636241 -0.073832053611572232 -0.082385629987483167 -0.045383419183763311 0.037862731409465694 -0.0170115793563821 0.00088303693277666951 0.051276924561182824 0.040056634624293271 0.010980303158006877
leaf_weight=11.252438601106403 5.0386586785316458 10.438861545175316 1.7108331359922875 7.3265952132642287 69.911087438464165 9.5090632103383523 3.6799080595374134 3.9326811879873267 4.7984192669391623 37.500860750675201 2.4030281975865355 8.5277439430356008 33.980571333318949 3.3943546116352081 18.186801195144653 15.614267539232968 61.372939232736826 4.5251507312059394 1.5722119398415078 1.5237670317292211 30.476292345672846 2.5614233054220676 2.0573337636888018 102.38481766358018 77.065596498548985 1.5943915024399746
leaf_count=208 111 217 40 138 1606 202 76 87 101 846 53 187 747 67 410 323 1407 104 31 31 699 57 48 2421 1819 37
internal_value=-0.000243653 -0.0718397 0.0232653 -0.161508 0.00408673 -0.0297164 -0.111813 -0.078766 -0.107286 -0.0123616 -0.0594989 -0.0305959 -0.0405135 -0.0130942 -0.00131862 -0.0777442 0.0146883 0.00456946 -0.254228 -0.170144 0.0226974 0.0225542 0.0455514 0.0460314 0.0391242 0.0508171
internal_weight=532.34 131.133 401.207 40.9692 216.394 90.1641 28.1445 22.5643 15.2373 67.5998 11.9121 50.1084 42.5083 7.32704 55.6877 19.2942 166.285 74.4362 12.8247 8.85036 91.8492 7.60008 184.813 183.102 79.1229 103.979
internal_count=12073 2790 9283 807 4918 1983 568 472 318 1511 255 1102 934 154 1256 399 3816 1710 239 169 2106 168 4365 4325 1867 2458
is_linear=0
shrinkage=0.05


Tree=2
num_leaves=27
num_cat=0
split_feature=1 13 1 13 13 16 15 16 2 13 16 11 1 5 1 17 10 13 3 1 9 4 17 9 15 11
split_gain=287.797 113.973 110.584 58.0075 29.6333 28.2725 35.211 20.2212 20.0429 17.4863 8.66325 9.3746 22.966 8.225 7.73983 6.44765 5.20953 5.04532 3.94085 3.43107 2.25067 2.01795 1.20464 1.02378 1.46866 0.35298
threshold=0.069419946631203835 1.1039250102721578 0.36059576074184768 0.72186326454270422 1.245393516548426 0.14730000000000001 1.6291666666666667 0.18695000000000003 4.3500000000000005 3.5789788530439117 0.088550000000000018 0.47434210526315795 0.045994207639656039 4.0000000000000009 0.46130487956561633 0.47675000000000001 9.5000000000000018 1.2585071846956766 7.5000000000000009 0.4266592726819679 4.5000000000000009 1.5000000000000002 0.59570000000000012 5.5000000000000009 1.1464285714285725 0.051315789473684224
decision_type=2 2 2 2 2 10 2 10 2 2 8 10 2 2 2 2 8 2 2 2 2 2 2 2 2 8
left_child=1 10 3 7 8 18 9 15 -5 -7 -1 21 -13 -6 16 -2 19 -18 -3 -4 -20 -12 -8 25 -25 -16
right_child=2 5 14 4 13 6 22 -9 -10 -11 11 12 -14 -15 23 -17 17 -19 20 -21 -22 -23 -24 24 -26 -27
leaf_value=-0.055219560129731809 -0.084195430676394512 -0.046060599257261019 -0.038947562126170267 -0.024873917469933449 0.002708021509726597 -0.12296341833968322 0.03467215833272487 -0.21277197171299039 -0.15668890674101277 0.030666654874693514 -0.10303206551248023 -0.17010980778003312 -0.004239487319069664 0.033812943969238556 0.0099676042674230868 0.030172451083890842 -0.0072776094435461946 0.036819970132383209 -0.0079740871653785177 0.030766604431339356 0.03364100354021983 -0.22650004440564847 -0.0094764575309681815 0.040626238121150335 0 0.048091620953808763
leaf_weight=2.66430211439729 1.5372330099344247 1.5086885690689076 4.4462521858513346 68.625182047486305 160.15704817324877 16.050275046378381 5.0066876858472815 3.5012901723384857 2.0868583545088759 1.6254847683012474 3.1433467566967073 5.2437056414782983 3.3075874708592892 23.64031571149826 1.5380928777158249 1.563961539417505 7.3301976732909671 35.000204052776098 3.9103883355855933 1.6629365533590315 9.9184930175542814 13.094445329159496 1.3781328797340391 3.9159918576478949 3.7601386196911335 146.4857380874455
leaf_count=44 30 32 103 1448 3678 321 109 59 36 35 53 79 56 547 38 33 166 833 83 40 209 211 30 94 90 3616
internal_value=-0.000235462 -0.0964565 0.013757 -0.00778278 -0.00368264 -0.0400443 -0.0728362 -0.143902 -0.0309645 -0.107682 -0.172985 -0.182816 -0.113637 0.00689717 0.0412361 -0.0320059 0.0228504 0.0290766 0.012401 -0.0176094 0.0217921 -0.210253 0.024473 0.0467418 0.0226273 0.0477986
internal_weight=532.103 66.8515 465.251 261.112 254.509 39.3982 24.0606 6.60248 70.712 17.6758 27.4534 24.7891 8.55129 183.797 204.14 3.10119 48.4396 42.3304 15.3376 6.10919 13.8289 16.2378 6.38482 155.7 7.67613 148.024
internal_count=12073 1262 10811 5831 5709 819 495 122 1484 356 443 399 135 4225 4980 63 1142 999 324 143 292 264 139 3838 184 3654
is_linear=0
shrinkage=0.05


Tree=3
num_leaves=30
num_cat=0
split_feature=0 13 0 1 13 13 15 11 1 0 17 3 9 13 15 15 0 15 11 17 2 6 0 0 13 1 9 13 3
split_gain=282.753 125.4 56.6188 46.9093 21.3285 17.9792 17.039 15.2299 12.7107 12.5781 16.0249 11.6546 9.12779 11.0582 8.61089 14.1925 7.94581 7.21548 5.8969 9.1544 3.0698 2.5891 1.82359 1.42817 1.65834 1.43031 1.33016 1.26911 0.337396
threshold=0.36743485226439559 1.3607598851137366 0.58478051524645003 0.045994207639656039 1.2106533086352245 0.8836315619696371 -0.767948717948716 0.49727941176470597 0.03309317010587242 0.19498998078266436 0.36700000000000005 7.5000000000000009 5.5000000000000009 3.0219159360565384 1.6519230769230762 -0.51785714285714224 0.38915307735023114 1.9354166666666652 0.44037037037037041 0.3433500000000001 2.4250000000000003 2.5000000000000004 0.62529510975705671 0.61688825647736567 1.5512881970601018 0.31865209497091612 5.5000000000000009 1.7173780783191492 14.500000000000002
decision_type=2 2 2 2 2 2 2 10 2 2 2 2 2 2 2 2 2 2 8 2 2 2 2 2 2 2 2 2 2
left_child=1 3 4 9 11 6 -5 -7 14 -1 -11 16 13 -10 15 -3 -2 -13 19 -6 -20 -14 23 25 -25 -4 28 -28 -24
right_child=2 8 22 5 18 7 -8 -9 12 10 -12 17 21 -15 -16 -17 -18 -19 20 -21 -22 -23 26 24 -26 -27 27 -29 -30
leaf_value=-0.25322446843487967 0.030968350405665108 -0.00043144342349213496 -0.0065183870155422503 -0.0048533369550422742 0.032290950881222497 -0.068986645768593577 -0.13344031177441271 0.00051648624232951217 -0.029956409395950314 -0.027834973530297753 -0.15076596891792265 -0.020420364547146557 0.034800415641693089 0.028332317858455441 0.030161622679424429 -0.12797849255488286 -0.068489405447014387 0.02879927453603201 -0.028191160808435079 -0.00120870570736189 0.031072842553448988 0.0028888574904311405 0.048495377186015043 -0.032209950235083148 0.022014515108011112 0.037955884666283274 0 0.038757374257388059 0.010711915442324886
leaf_weight=3.5462675578892258 1.6533598415553559 3.6368830017745486 1.5029313303530276 3.2489688545465496 26.774053379893303 28.082927219569683 15.288884170353411 10.596666034311054 33.52170903980732 3.8672844506800201 16.298485200852156 22.912079513072968 13.592362627387049 9.6978946030139905 1.5833392739295948 4.7900843098759642 14.249077923595904 9.7915646024048311 1.4504561685025681 75.52067943662405 48.754821199923754 12.263950429856775 139.46359270811081 1.3360614739358418 2.5536469295620918 17.062892708927393 3.7416869513690463 3.2509514391422272 1.5876087956130494
leaf_count=47 34 68 35 53 623 539 248 206 737 56 227 479 307 223 37 91 297 204 34 1772 1150 276 3597 33 64 424 91 80 41
internal_value=-0.000235928 -0.0556113 0.0236809 -0.0989789 0.00562362 -0.0721358 -0.112562 -0.0502864 -0.0104887 -0.158009 -0.129856 -0.0228749 -0.00242469 -0.0164192 -0.060406 -0.0793476 -0.0566327 -0.00511826 0.0148293 0.00773863 0.0287459 0.0205217 0.0447935 0.0284481 0 0.0339509 0.0470318 0.020049 0.0481837
internal_weight=531.621 160.016 371.605 80.9295 201.106 57.2174 18.5379 38.6796 79.0862 23.712 20.1658 48.6061 69.0759 43.2196 10.0103 8.42697 15.9024 32.7036 152.5 102.295 50.2053 25.8563 170.499 22.4555 3.88971 18.5658 148.044 6.99264 141.051
internal_count=12073 3115 8958 1376 4593 1046 301 745 1739 330 283 1014 1543 960 196 159 331 683 3579 2395 1184 583 4365 556 97 459 3809 171 3638
is_linear=0
shrinkage=0.05


Tree=4
num_leaves=30
num_cat=0
split_feature=0 13 0 0 13 13 0 13 12 10 11 1 0 8 12 10 11 17 2 10 2 1 12 0 0 9 13 1 11
split_gain=249.935 102.444 53.9897 34.6681 19.183 16.7632 11.8971 12.3917 12.185 11.1097 10.9802 9.15089 8.93218 7.75823 7.45504 6.91703 6.22438 8.96598 6.05521 8.73663 2.72039 2.07861 1.5166 2.2951 1.73555 1.43356 0.699666 0.166029 0.0865385
threshold=0.36935085201776485 1.3607598851137366 0.60081527739136498 0.27308461074761242 1.2184712903659525 0.83254619597094637 0.25408086330304414 2.7210024390105416 1.0500000000000003 27.500000000000004 0.37018518518518523 0.075502851298851592 0.25408086330304414 1.2264957264957268 -1.4499999999999997 12.500000000000002 0.44037037037037041 0.3433500000000001 8.2500000000000018 20.500000000000004 2.4250000000000003 0.03550221851617217 -0.4499999999999999 0.62529510975705671 0.61688825647736567 6.5000000000000009 0.93874242346526515 0.70636074551365347 0.41757352941176479
decision_type=2 2 2 2 2 2 2 2 8 10 10 2 2 2 10 8 8 2 2 10 2 2 8 2 2 2 2 2 10
left_child=1 3 4 9 13 11 7 8 -3 14 -7 -5 -11 15 -1 -2 17 -6 19 -8 -18 -20 23 24 -4 26 -24 -25 -9
right_child=2 6 22 5 16 10 18 28 -10 12 -12 -13 -14 -15 -16 -17 20 -19 21 -21 -22 -23 25 27 -26 -27 -28 -29 -30
leaf_value=-0.043881553651033252 -0.049753202945035872 -0.029034529536634546 0.019585631075321998 -0.15240119026031884 0.032412697193670618 -0.067050689584927922 0.0083126613123273053 0.034919769946918096 -0.13414968419791581 -0.093440995401183349 -0.01320044423718659 -0.057922313123366723 0.011496375355713176 -0.1065755134534092 -0.14907873139914665 -0.0049043832311244885 -0.022300798943189357 -0.00045269336911161985 -0.021006878543304904 -0.035677668583149767 0.031899091160982419 0.027024777101211775 0.0033183841051106313 0.030341858311866993 -0.037670498961188542 0.0048638279948909954 0.049828832703420908 0.047211340730110435 0.0058556781935477269
leaf_weight=3.0541460104286697 10.188081104308365 8.7391387782990932 2.2930644787847991 5.7522200308740121 27.053541366010904 18.535417668521404 26.306687131524086 2.2505924627184863 3.7964382655918607 4.727685183286666 20.103909902274609 7.9280487336218357 2.7104459628462791 1.4948115088045586 25.484594978392124 39.766026988625526 1.6430174969136704 78.524955928325653 1.6790547482669378 18.237648408859968 48.507171951234341 19.026082903146744 1.1954281553626049 20.066852122545246 1.1946426816284654 2.3198461420834056 116.50622889026999 10.858234860002993 1.3026451803743837
leaf_count=41 202 175 59 72 650 340 577 48 72 61 382 123 38 29 334 827 38 1850 34 396 1181 443 31 534 30 57 3129 291 29
internal_value=-0.000209288 -0.0501189 0.0232635 -0.0871071 0.00649024 -0.0590707 -0.00933539 -0.0464759 -0.0687974 -0.125044 -0.0401986 -0.105664 -0.0577787 -0.0196851 -0.139857 -0.0149463 0.0152402 0.00814696 0.000310322 -0.00997628 0.0296244 0.022111 0.0455466 0.0334872 -0.00293614 0.0486577 0.0494305 0.0377149 0.0289889
internal_weight=531.247 169.635 361.612 88.2965 207.178 52.3196 81.3383 16.0888 12.5356 35.9769 38.6393 13.6803 7.43813 51.4489 28.5387 49.9541 155.729 105.578 65.2495 44.5443 50.1502 20.7051 154.434 34.4128 3.48771 120.022 117.702 30.9251 3.55324
internal_count=12073 3165 8908 1391 4777 917 1774 324 247 474 722 195 99 1058 375 1029 3719 2500 1450 973 1219 477 4131 914 89 3217 3160 825 77
is_linear=0
shrinkage=0.05


Tree=5
num_leaves=28
num_cat=0
split_feature=0 13 0 0 2 16 0 17 13 1 0 1 11 0 16 11 12 2 9 17 16 0 1 10 16 12 12
split_gain=202.649 73.3967 58.497 38.1902 33.1586 27.0281 30.5545 21.3112 21.0942 18.5116 10.3201 27.6743 7.26159 6.03907 5.7304 10.5451 4.3737 4.06254 3.83076 3.63933 3.60789 5.59456 1.61757 1.09098 0.751717 0.305606 0.0899017
threshold=0.36935085201776485 1.1184341725493223 0.55580812312017158 0.22932678223396855 2.4250000000000003 0.14165000000000003 0.2240280198193661 0.35310000000000002 1.7763940662939921 0.026674875815398059 0.46488624337600259 0.22440826272381778 0.21625000000000003 0.51140198454501384 0.14850000000000005 0.46273148148148152 0.75000000000000011 8.0500000000000025 5.5000000000000009 0.35755000000000009 0.20530000000000004 0.59472997207344036 0.567129084448034 21.500000000000004 0.26395000000000007 1.2500000000000002 -0.34999999999999992
decision_type=2 2 2 2 2 8 2 2 2 2 2 2 10 2 10 8 10 2 2 2 10 2 2 10 10 10 10
left_child=1 3 4 26 10 17 23 12 -8 -9 11 -2 -5 -12 16 -16 -6 19 22 -3 -20 -22 24 -7 -4 -19 -1
right_child=2 5 18 7 14 6 8 9 -10 -11 13 -13 -14 -15 15 -17 -18 25 20 -21 21 -23 -24 -25 -26 -27 -28
leaf_value=-0.084036176270560384 -0.023043630344852354 0.028480875415193466 0.041478249868771126 -0.042938837439966585 0.037485672468100452 -0.15663963239902526 -0.051964208479627121 -0.15901808366995274 0.0024415880986900299 -0.063131693525687579 0.010812269718922095 -0.16652545597138094 0.043697876775677415 -0.042500673294228804 -0.0056493212347474486 0.027116283765303374 -0.0011045494707680517 0.046363607631261433 0.037214662103005947 -0.0088199982330852741 -0.067942962995223843 0.019984943288598424 0.048918231525440524 -0.055787570609552022 0.026344140981051256 0.0081679849177025282 -0.18393050012734491
leaf_weight=2.9373025298118582 10.82336327806115 9.5868243761360663 37.403350934386253 3.1126364804804316 29.81506797298789 3.9785677157342425 34.676326375454664 5.7514043673872939 35.083531823009253 39.048143532127142 9.9013298489153403 4.2328233793377867 4.8598636388778687 9.4763414375483972 67.922809351235628 37.093127273023129 9.2388325594365579 8.4525420591235143 6.1565730534493905 15.98253535851836 1.8861613795161245 3.8870377019047737 101.57502046972513 2.1832823380827904 24.559914737939835 1.4215361699461926 8.3655519858002645
leaf_count=32 212 194 984 46 705 62 666 63 777 587 198 84 78 194 1591 907 217 193 154 319 43 99 2866 36 653 31 85
internal_value=0.000120166 -0.0436656 0.0218978 -0.0859151 0.00167772 -0.0187643 -0.0354675 -0.0655997 -0.024884 -0.0787541 -0.0416617 -0.071552 0.0083 -0.0158204 0.0122864 0.00602341 0.028432 0.0168691 0.0423133 0.00552276 0.0129857 -0.0137937 0.0443304 -0.134383 0.0360727 0.0425814 -0.167318
internal_weight=529.412 175.44 353.972 64.0749 178.504 111.365 75.9217 52.772 69.7599 44.7995 34.4339 15.0562 7.9725 19.3777 144.07 105.016 39.0539 35.4434 175.468 25.5694 11.9298 5.7732 163.538 6.16185 61.9633 9.87408 11.3029
internal_count=12076 3169 8907 891 4108 2278 1541 774 1443 650 688 296 124 392 3420 2498 922 737 4799 513 296 142 4503 98 1637 224 117
is_linear=0
shrinkage=0.05


Tree=6
num_leaves=30
num_cat=0
split_feature=0 0 0 2 2 16 11 2 16 8 2 10 8 3 16 10 16 11 17 11 9 16 0 10 0 17 0 5 4
split_gain=183.373 61.231 42.6803 26.3468 24.1129 19.8934 27.6977 17.4512 17.9229 13.1926 10.7733 8.66459 8.48382 8.31978 7.95701 7.24874 6.75435 11.6532 5.11072 4.91812 3.81301 3.43071 5.02732 2.30372 1.64466 1.57274 1.49039 0.582458 0.321935
threshold=0.40506692815568918 0.25056052612487228 0.55580812312017158 5.5500000000000007 2.4250000000000003 0.13395000000000004 0.41360294117647062 5.5500000000000007 0.13905000000000003 0.45804195804195807 2.1250000000000004 13.500000000000002 0.22649572649572652 10.500000000000002 0.10475000000000001 5.5000000000000009 0.17595000000000002 0.40435185185185191 0.31625000000000009 0.48375000000000007 5.5000000000000009 0.20530000000000004 0.59472997207344036 10.500000000000002 0.66199260402434501 0.41715000000000008 0.65346560459458392 1.0000000180025095e-35 1.5000000000000002
decision_type=2 2 2 2 2 10 8 2 10 2 2 8 2 2 10 8 10 10 2 10 2 10 2 8 2 2 2 2 2
left_child=1 7 4 5 9 12 -7 14 25 11 -11 -2 -3 -10 -1 -6 23 -18 -17 -16 24 28 -23 -5 26 -9 -4 -26 -22
right_child=2 3 20 16 15 6 -8 8 13 10 -12 -13 -14 -15 19 18 17 -19 -20 -21 21 22 -24 -25 27 -27 -28 -29 -30
leaf_value=-0.046836061616894686 -0.054986916547317022 -0.038922741157733545 0.036017485250344546 -0.0056723523494905011 -0.070232832180245355 -0.074739606000287714 -0.018937027490121664 0.027143239846150038 -0.0077493471913432106 -0.02839416309182426 -0.11621380099703055 0.022958103252445749 0.01385586476001739 -0.1070919703768447 -0.15522459078485351 0.044952033940717187 -0.036342637074093492 0.0231434947442015 0.012774511406181792 -0.070265179010109466 0.0043255075964512557 -0.063043285050188858 0.019479289847215361 0.033024960921701943 0.0047435769214073508 -0.018616665592731906 0 0.048154085469988853 0.042119509661808052
leaf_weight=4.8680600747466114 4.072731353342534 9.8286677785217744 43.105531994253397 4.1230224817991283 1.4260644689202298 43.79680909588933 46.580100178718567 5.1008213162422207 3.0544893071055403 10.03069134429097 5.4919620379805556 10.997828368097544 24.588641777634621 8.6058328300714475 12.207279581576588 13.81430112197995 16.419512640684847 14.596702240407465 92.849012419581413 5.316104929894208 1.2431996762752513 2.0056441240012646 3.8163198940455914 20.030761107802391 1.2684436328709114 1.7579460740089414 2.8054487630724898 109.85774781554937 4.7067138887941837
leaf_count=58 76 182 1149 96 34 774 839 102 54 189 107 222 455 136 121 345 368 330 2239 54 33 43 99 463 37 33 81 3236 121
internal_value=0.000101005 -0.0345568 0.0250436 -0.0217042 0.00439045 -0.0343501 -0.0465558 -0.0891091 -0.0487151 -0.0340627 -0.0649207 0 -0.00174854 -0.0841311 -0.118793 0.0155324 0.00691422 -0.00834292 0.0173672 -0.134905 0.0418558 0.0124805 -0.0132905 0.0262577 0.0439332 0.013902 0.0337676 0.0477499 0.0367007
internal_weight=528.366 220.875 307.492 179.964 138.683 124.794 90.3769 40.9105 18.5191 30.5932 15.5227 15.0706 34.4173 11.6603 22.3914 108.089 55.17 31.0162 106.663 17.5234 168.809 11.7719 5.82196 24.1538 157.037 6.85877 45.911 111.126 5.94991
internal_count=12076 4065 8011 3507 3212 2250 1613 558 325 594 296 298 637 190 233 2618 1257 698 2584 175 4799 296 142 559 4503 135 1230 3273 154
is_linear=0
shrinkage=0.05


Tree=7
num_leaves=26
num_cat=0
split_feature=1 13 1 16 10 1 16 4 3 1 17 13 17 1 10 1 1 16 13 10 9 15 11 15 15
split_gain=157.296 95.1745 32.6201 36.9728 25.8247 24.3137 17.394 15.2115 12.7879 11.8388 10.993 6.91803 6.8149 6.15039 3.45433 2.77645 3.4453 2.53567 7.24853 2.02285 1.1791 0.786087 0.551876 0.392397 0.367398
threshold=0.36059576074184768 1.0565466920583981 0.03309317010587242 0.17260000000000003 14.500000000000002 0.026674875815398059 0.16250000000000001 2.5000000000000004 10.500000000000002 0.10181259548936621 0.64405000000000012 2.7927406155716485 0.59570000000000012 0.48359733753328132 9.5000000000000018 0.4266592726819679 0.40485700947849396 0.26395000000000007 1.2585071846956766 14.500000000000002 6.5000000000000009 1.1464285714285725 0.051315789473684224 3.306249999999999 2.130681818181817
decision_type=2 2 2 10 10 2 10 2 2 2 2 2 2 2 8 2 2 10 2 10 2 2 8 2 2
left_child=1 2 12 9 -5 6 19 -8 11 -4 -10 -7 -1 14 15 16 -2 23 -19 -3 22 -22 -15 -16 -24
right_child=13 5 3 4 -6 8 7 -9 10 -11 -12 -13 -14 20 17 -17 -18 18 -20 -21 21 -23 24 -25 -26
leaf_value=-0.14152376580101916 0.002358523471821309 -0.029645929822124689 -0.037885886321180978 -0.12502200286128554 -0.043320674327077882 0.004324688780725271 -0.022066078624061704 -0.16588593370836319 -0.020418870242047464 0.020547340075834863 0.024434364480248508 0.032117192716524877 -0.043263026807065515 0.0042278962273015839 0.040015113434394262 0.031657117301313722 -0.07585875386124058 -0.041517643789013799 0.029064761744723774 0.020283976741107723 0.026205001362233311 -0.015945574441166937 0.048313427436487248 0.0025693905704518151 0.032191646725495016
leaf_weight=13.06705165281892 3.1429494656622401 2.562939837574957 15.165674045681952 16.551360536366701 26.142711453139782 122.37812777981162 3.5232770591974258 4.2063957266509533 85.745089549571276 17.659224301576614 15.245695959776638 26.712215505540371 3.5013409107923499 1.2448195815086354 24.439010776579384 1.8051024600863455 1.318869214504957 3.7592130228877094 14.558337338268755 3.6905041635036469 1.2073623761534684 1.1616839878261087 102.78283742815256 1.1615395136177529 14.662212848663328
leaf_count=120 73 41 203 248 407 2696 47 57 1842 324 342 658 34 37 645 50 31 85 394 60 32 30 3147 30 443
internal_value=8.99613e-05 -0.0188279 -0.0623045 -0.047102 -0.077245 -0.00346948 -0.0653378 -0.110941 0.000216373 -0.00662392 -0.0134256 0.00951834 -0.124688 0.039345 0.0236548 -0.0092658 -0.0295021 0.0285655 0.0129213 -0.000756136 0.0455613 0.00545396 0.0462678 0.0386646 0.0466317
internal_weight=527.396 356.152 92.0874 75.519 42.6941 264.064 13.9831 7.72967 250.081 32.8249 100.991 149.09 16.5684 171.244 50.185 6.26692 4.46182 43.9181 18.3176 6.25344 121.059 2.36905 118.69 25.6006 117.445
internal_count=12076 7079 1336 1182 655 5743 205 104 5538 527 2184 3354 154 4997 1308 154 104 1154 479 101 3689 62 3627 675 3590
is_linear=0
shrinkage=0.05


Tree=8
num_leaves=29
num_cat=0
split_feature=0 13 0 0 2 16 0 11 10 16 11 13 13 0 10 17 2 2 13 0 5 5 5 5 0 12 12 12
split_gain=151.637 51.135 39.5214 22.3964 19.853 19.8161 24.9232 23.9175 20.0209 15.1447 14.4763 9.30614 18.0997 6.91059 6.61516 5.0167 4.76548 4.01092 4.8289 3.3206 2.37601 1.86031 1.31452 1.82798 1.57313 1.1284 0.794205 0.315011
threshold=0.40506692815568918 1.1184341725493223 0.55580812312017158 0.22932678223396855 2.4250000000000003 0.14165000000000003 0.27053210461612276 0.41055555555555562 16.500000000000004 0.11160000000000002 0.52565789473684221 0.96730692288162989 1.0565466920583981 0.27053210461612276 5.5000000000000009 0.31625000000000009 1.5750000000000004 8.0500000000000025 1.9794561783726894 0.66606960032461249 1.0000000180025095e-35 2.5000000000000004 1.5000000000000002 2.5000000000000004 0.65346560459458392 0.25000000000000006 -0.6499999999999998 1.2500000000000002
decision_type=2 2 2 2 2 8 2 8 10 10 10 2 2 2 8 2 2 2 2 2 2 2 2 2 2 10 8 10
left_child=1 3 4 21 11 17 8 -8 -7 13 -11 16 -13 -5 -6 -16 -2 18 -3 22 -21 -1 24 -24 -4 -23 -22 -19
right_child=2 5 19 9 14 6 7 -9 -10 10 -12 12 -14 -15 15 -17 -18 27 -20 20 26 25 23 -25 -26 -27 -28 -29
leaf_value=-0.15357084713959288 -0.052014103283581553 0.016727299581028782 0.045676003610093767 -0.046155538136091932 -0.065576645379662554 -0.11952276966267589 -0.034560446479773847 0.019546636696229181 -0.026819506830862583 -0.074615015050318353 -0.019028811897244684 -0.11364577047368836 -0.0082803797018222765 0.026707160029003474 0.044530811831307561 0.012038581964217684 0.011014073235219522 0.046451331924602692 -0.031176080237778427 -0.0099457609549155335 0.032327195329797977 -0.046517448711021765 0.0036549854549543931 0.029502396322508673 -0.00045797224221448026 -0.104956489544326 0.049859188352413431 0.0080864729631771378
leaf_weight=4.9048357158899281 2.7795396670699146 25.500834576785568 16.091968055814508 3.914274461567401 1.5196960121393193 9.6209210455417651 43.05237040668726 37.073662880808115 15.055488418787716 40.226728808134794 17.933613941073418 6.481279261410239 9.5807630233466607 8.6075391843914968 13.182883493602274 91.225626338273287 13.428516533225773 8.8304465375840646 5.5504280030727378 1.3771280236542214 17.411660928279161 4.7220324203372002 10.532275479286907 23.747184796258807 1.8102386984974135 5.0986695811152458 85.756144011393189 1.4201194830238808
leaf_count=40 48 515 454 45 34 143 884 816 241 537 249 117 184 143 345 2239 245 215 128 41 548 38 295 653 55 39 2753 32
internal_value=8.94147e-05 -0.0301178 0.0238402 -0.0606396 0.00424651 -0.0119509 -0.0234711 -0.00953156 -0.066405 -0.0475941 -0.058171 -0.0294709 -0.0552588 0.00183179 0.0147445 0.0165721 -0.00189868 0.0170271 0.00730301 0.0409494 0.0463987 -0.115931 0.0292706 0.0220313 0.0409691 -0.0842154 0.0472871 0.0427719
internal_weight=526.437 231.512 294.925 85.4077 138.198 146.104 104.802 80.126 24.6764 70.6822 58.1603 32.2701 16.062 12.5218 105.928 104.409 16.2081 41.3018 31.0513 156.727 104.545 14.7255 52.1817 34.2795 17.9022 9.8207 103.168 10.2506
internal_count=12076 4065 8011 1091 3212 2974 2084 1700 384 974 786 594 301 188 2618 2584 293 890 643 4799 3342 117 1457 948 509 77 3301 247
is_linear=0
shrinkage=0.05


Tree=9
num_leaves=29
num_cat=0
split_feature=0 13 0 0 10 11 17 10 15 8 17 0 1 2 0 11 11 10 8 2 4 10 15 0 11 15 15 15
split_gain=139.871 62.552 26.4268 19.8443 13.1557 12.2525 13.232 11.2351 10.4901 10.1945 9.94243 9.91 7.502 6.80571 6.03264 8.17995 4.66571 4.20458 4.02567 2.21422 1.32153 1.92175 0.953306 2.09593 1.53326 0.433836 0.246391 0.0955334
threshold=0.52136034160004918 1.0565466920583981 0.27893901982502384 0.27053210461612276 14.500000000000002 0.43117647058823533 0.31070000000000003 16.500000000000004 1.5477272727272722 0.85164835164835173 0.53225000000000011 0.62529510975705671 0.026674875815398059 2.5500000000000003 0.20466569462042136 0.31470588235294122 0.50125000000000008 9.5000000000000018 0.85164835164835173 6.0500000000000007 2.5000000000000004 41.500000000000007 1.7886904761904747 0.76719748247698372 0.31757352941176481 -2.5400641025641018 3.306249999999999 -3.3062499999999981
decision_type=2 2 2 2 8 8 2 10 2 2 2 2 2 2 2 10 8 8 2 2 2 10 2 2 8 2 2 2
left_child=1 2 14 7 10 6 -5 8 -3 -6 -4 13 -9 16 -1 -16 17 -2 -18 -7 26 -22 25 24 -24 27 -15 -13
right_child=11 3 4 5 9 19 -8 12 -10 -11 -12 22 -14 20 15 -17 18 -19 -20 -21 21 -23 23 -25 -26 -27 -28 -29
leaf_value=-0.13391700611474472 -0.03538221542839861 -0.084203641853560454 -0.029397350622081105 0.026446389810003624 0.0038549511345786999 0.011781732210656938 -0.014807445409371782 -0.0535052304234125 0.00021277679444386589 -0.056082845344967859 -0.092562124486144162 0.02879418335421717 0.0068835978158677119 0.041907482129184596 -0.026438925498618468 -0.090262753088573899 -0.0060725154919494028 0.023114572822559618 -0.090670676570275888 0.031911719864802089 0.024611161589265202 -0.021500741949017493 0.03243701588180025 0.046582305626597063 -0.0026103996926345862 0.048272923573075367 0.0074437857560250651 0.0063229742294484154
leaf_weight=6.7215496972203246 2.9442457444965848 14.101685572415592 16.353912156075243 22.443428199738264 27.123044352978468 55.664874408394098 112.39851751923561 6.3291122578084495 4.7035086974501601 8.4951668977737409 11.227861944586037 1.4809668101370337 16.283120449632406 19.534106146544222 8.605497211217882 18.241968225687742 4.0772028751671305 12.909331338480115 1.4237339869141576 19.057882223278284 17.516758507117633 1.6804025135934342 4.5404230002313861 10.265865830704568 6.3013870622962722 90.946380561217666 1.3992081843316544 2.4588150028139344
leaf_count=47 63 212 251 541 434 1273 2442 80 76 125 160 49 285 536 86 165 94 307 29 474 480 46 144 341 197 3020 37 82
internal_value=7.43766e-05 -0.0183396 -0.0522756 -0.00507987 -0.0322601 0.00120411 -0.00776011 -0.0362723 -0.0638925 -0.0114452 -0.057624 0.0360833 -0.0113575 0.0192501 -0.0877907 -0.0716687 -0.00329423 0.0104994 -0.0393163 0.0173355 0.0311565 0.0194626 0.0447226 0.0310049 0.0131445 0.0473669 0.0402763 0.0199012
internal_weight=525.23 347.751 96.769 250.982 63.2 209.565 134.842 41.4174 18.8052 35.6182 27.5818 177.479 22.6122 61.485 33.569 26.8475 21.3545 15.8536 5.50094 74.7228 40.1305 19.1972 115.994 21.1077 10.8418 94.8862 20.9333 3.93978
internal_count=12076 6651 1268 5383 970 4730 2983 653 288 559 411 5425 365 1592 298 251 493 370 123 1747 1099 526 3833 682 341 3151 573 131
is_linear=0
shrinkage=0.05


Tree=10
num_leaves=28
num_cat=0
split_feature=0 0 1 2 12 16 3 2 15 10 2 15 16 0 12 4 15 0 11 10 2 15 15 0 12 12 0
split_gain=156.318 41.2441 28.5324 21.5871 19.7804 14.5692 12.0581 18.4522 11.9256 10.5423 9.69233 9.06008 8.78615 7.92323 6.85591 6.45511 6.24254 4.85939 4.15927 4.15775 4.09563 2.2761 1.4384 2.14163 2.1788 0.97411 2.80415
threshold=0.36935085201776485 0.59813876393970988 0.048012828912405638 5.5500000000000007 0.25000000000000006 0.18090000000000003 7.5000000000000009 2.8500000000000001 2.0801282051282084 126.50000000000001 9.1500000000000004 -0.98437499999999989 0.14670000000000002 0.23880322640031143 0.25000000000000006 1.5000000000000002 1.4654761904761922 0.25408086330304414 0.5066448801742921 80.500000000000014 6.9500000000000011 3.6519230769230764 2.130681818181817 0.73659402279811526 -0.74999999999999989 -0.4499999999999999 0.62529510975705671
decision_type=2 2 2 2 10 10 2 2 2 10 2 2 8 2 10 2 2 2 10 10 2 2 2 2 10 8 2
left_child=2 6 5 4 12 10 7 8 -2 14 13 -6 -4 -1 -7 21 -17 18 -5 -19 -9 -8 25 24 -24 26 -3
right_child=1 22 3 17 11 9 15 20 -10 -11 -12 -13 -14 -15 -16 16 -18 19 -20 -21 -22 -23 23 -25 -26 -27 -28
leaf_value=-0.07316444861163679 -0.019351896174777655 -0.0077336583744618357 0.010390755745208704 -0.0032137554448658846 -0.007830348820745868 -0.065414411776247225 0.037411953521461233 0.022477484947201063 -0.096116583814796874 0.00059482656240181231 0.030421546136701755 -0.071869809945533533 -0.030701854244387556 -0.017300621894662197 -0.12912065293710376 0.00072864868564954206 0.024805772142961563 0.018542238559179521 -0.074047674990660464 -0.031359521652108119 -0.024322370768155202 -0.010213900838802395 0.037744652873414275 0.044935563867815977 -0.0077037816833467722 0.049105556296019759 0.039496094844619183
leaf_weight=14.170217804610735 16.222322359681133 3.1430072113871601 19.968327540904284 6.9385420046746713 7.0606310702860346 13.241973716765647 29.60925107635558 22.800515323877338 7.0270655341446391 2.782493043690919 3.7554369606077662 34.613286215811968 33.598790254443884 12.783572006970642 12.095944084227083 83.332767086103559 39.137530336156487 34.630784001201391 2.12416947260499 3.7462789081037036 4.8496815040707579 2.1464530117809764 3.0464183185249576 7.534029195085167 6.5165108088403949 83.825738959014416 20.221208835020661
leaf_count=135 312 92 337 130 114 138 712 574 131 33 72 530 499 174 121 1981 924 794 37 88 126 48 93 257 203 2901 680
internal_value=-0.000269322 0.0209218 -0.0348677 -0.0224597 -0.0360762 -0.0639993 0.00704903 -0.0138175 -0.0457669 -0.0899828 -0.0379611 -0.0615748 -0.0153823 -0.0484151 -0.0997644 0.0140125 0.008602 0.00495426 -0.0260218 0.0128713 0.0135321 0.0338266 0.0435388 0.0264302 0.00850381 0.0459519 0.0328808
internal_weight=530.923 329.412 201.51 142.681 95.241 58.8296 205.126 50.8996 23.2494 28.1204 30.7092 41.6739 53.5671 26.9538 25.3379 154.226 122.47 47.4398 9.06271 38.3771 27.6502 31.7557 124.287 17.097 9.56293 107.19 23.3642
internal_count=12236 9034 3202 2529 1480 673 4808 1143 443 292 381 644 836 309 259 3665 2905 1049 167 882 700 760 4226 553 296 3673 772
is_linear=0
shrinkage=0.05


Tree=11
num_leaves=29
num_cat=0
split_feature=0 0 13 16 0 3 2 10 17 10 17 1 11 13 9 0 3 15 16 11 15 15 0 15 15 15 0 3
split_gain=140.396 39.9633 27.3971 18.3056 15.8901 11.0486 16.1647 10.8374 9.09742 9.01705 8.36093 8.84973 7.10493 9.17441 6.98633 6.02782 5.62356 12.4847 3.6812 3.15904 1.87683 1.45709 2.0896 2.14373 1.13698 0.883188 1.07683 0.482177
threshold=0.36935085201776485 0.59813876393970988 1.7763940662939921 0.11160000000000002 0.22932678223396855 7.5000000000000009 2.8500000000000001 17.500000000000004 0.34735000000000005 27.500000000000004 0.45735000000000009 0.017996429820813929 0.54907407407407416 2.9681445780542286 4.5000000000000009 0.21796621409524239 10.500000000000002 -1.1201923076923064 0.075650000000000009 0.7894444444444445 1.0645833333333352 2.130681818181817 0.73659402279811526 2.3798076923076938 1.4409722222222217 -1.9807692307692297 0.63646966517155557 14.500000000000002
decision_type=2 2 2 8 2 2 2 10 2 10 2 2 10 2 2 2 2 2 10 10 2 2 2 2 2 2 2 2
left_child=2 5 3 15 9 6 7 -2 -6 -5 11 -4 13 -12 -8 -1 19 -18 -17 -7 -13 25 23 -23 -14 26 -3 -27
right_child=1 21 10 4 8 16 14 -9 -10 -11 12 20 24 -15 -16 18 17 -19 -20 -21 -22 22 -24 -25 -26 27 -28 -29
leaf_value=-0.049902582449551341 -0.067593007254358392 -0.008994012159164495 -0.06131815800342591 -0.10687974203167042 -0.00047406351418179951 0.023011238253582346 -0.020468522579129973 0 -0.047501626887410262 -0.018476971958258679 -0.059929067224747307 0.013154822534416275 0.032947514095216235 0.010540523517994999 0.030733113248512363 0.043463086811880193 -0.044440392486625853 0.012329012998663527 -0.0034621399942902885 -0.02999924196996083 0.041696498584058356 -0.027348739386903194 0.044623866680274432 0.021122130559281558 -0.010438994354814561 0.047701087239833247 0.03119897979443767 0.0068487362299654853
leaf_weight=4.5582763254642513 14.686961606144907 1.4171377960592488 2.4539546668529537 16.617308080196384 11.805215008556841 87.77854480035603 9.2929125223308819 9.4592616446316224 93.406350821256638 4.1888374947011462 13.145939946174627 19.463154871016744 4.4395896717905989 6.3014802485704413 18.001646120101213 4.5900681279599693 10.858504034578798 51.692661162465811 15.472082387655972 1.9946117252111424 8.934673395007847 2.1215813122689742 7.2222083061933509 7.382971815764904 1.3326750807464121 93.173400156199932 6.7135319132357836 1.3840340636670578
leaf_count=44 260 45 39 129 183 2099 241 183 1285 38 262 433 97 141 459 74 265 1256 248 45 201 68 257 228 28 3340 240 48
internal_value=-0.000251968 0.0203013 -0.0323531 -0.0433979 -0.0510506 0.00674074 -0.013071 -0.0421037 -0.0423261 -0.0909747 -0.00235286 0.0148073 -0.0233001 -0.0374517 0.0130166 -0.003569 0.0135055 0.00185129 0.00859043 0.0214608 0.0234177 0.043151 0.0258706 0.00825308 0.02213 0.0456409 0.0234281 0.0472334
internal_weight=529.89 323.18 206.71 150.638 126.018 203.765 51.4408 24.1462 105.212 20.8061 56.0715 30.8518 25.2197 19.4474 27.2946 24.6204 152.324 62.5512 20.0622 89.7732 28.3978 119.415 16.7268 9.50455 5.77226 102.688 8.13067 94.5574
internal_count=12236 9034 3202 2001 1635 4808 1143 443 1468 167 1201 673 528 403 700 366 3665 1521 322 2144 634 4226 553 296 125 3673 285 3388
is_linear=0
shrinkage=0.05


Tree=12
num_leaves=26
num_cat=0
split_feature=0 0 13 0 17 3 13 11 10 13 10 16 13 3 16 8 3 11 15 0 0 15 0 3 16
split_gain=126.613 34.9912 24.4236 22.2286 18.3391 11.915 12.3655 11.178 9.14052 6.27121 6.15106 6.37853 5.39709 5.94319 4.76645 3.38452 2.65487 1.99635 1.48255 2.0546 1.99088 0.908517 1.03111 0.480871 0.386329
threshold=0.38459960456110703 0.59813876393970988 3.0219159360565384 0.2240280198193661 0.35310000000000002 7.5000000000000009 1.413572310049805 0.53786764705882362 17.500000000000004 3.220900136161132 9.5000000000000018 0.15185000000000001 0.72186326454270422 10.500000000000002 0.15185000000000001 0.18465909090909094 11.500000000000002 0.60125000000000017 2.130681818181817 0.73659402279811526 0.69531702081433389 -1.9807692307692297 0.63646966517155557 14.500000000000002 0.26140000000000008
decision_type=2 2 2 2 2 2 2 8 10 2 10 10 2 2 8 2 2 10 2 2 2 2 2 2 10
left_child=2 5 3 10 14 6 8 -6 -2 -8 -1 -12 -7 -14 -5 16 -4 24 21 20 -20 22 -3 -23 -17
right_child=1 18 15 4 7 12 9 -9 -10 -11 11 -13 13 -15 -16 17 -18 -19 19 -21 -22 23 -24 -25 -26
leaf_value=-0.12897882316015194 -0.059027903728260271 -0.0086862818638543844 0.019785246721019993 0.023313843479221358 -0.041253921226345996 -0.054203758970246152 0.024659038736687025 -0.009046814119389705 0.0011549463087199389 -0.038140759359503923 -0.0217813820304914 -0.078733730798067725 0.02545025605901546 0.0039362052032844387 -0.015550067099277072 0.043765097655537689 -0.045111816648040294 -0.016088493425963326 0.020566619899234233 0.04430877901714568 -0.025928731309479411 0.047460295537772347 0.030634158106515281 0.0066754602938606539 0.013692727688306051
leaf_weight=4.3163974694907692 15.857297144830229 1.4290940258651961 2.2957963161170509 19.161932989954952 114.06620800122619 1.7657097168266762 19.324318157508973 36.602884903550148 9.7657181508839113 3.9542271457612506 9.0240696109831351 14.746063850820063 77.576860655099154 56.024086154997349 11.934355597943066 11.520626604557036 2.0399781502783298 1.1545272469520558 7.2352088224142808 6.9245433863252392 2.1801735851913691 89.072651125490665 6.5188648384064436 1.3751469384878863 3.0480741001665583
leaf_count=38 271 45 55 362 1743 28 511 569 191 103 98 116 1928 1379 195 280 45 29 224 257 72 3340 240 48 69
internal_value=-0.000223107 0.0211896 -0.0280636 -0.0331132 -0.0263901 0.00757794 -0.0133342 -0.0335739 -0.0367207 0.012654 -0.0740476 -0.0590665 0.0152115 0.016562 0.00822282 0.0235909 -0.0125438 0.0340085 0.0427526 0.0252619 0.00786457 0.0453235 0.0228247 0.0469747 0.0390781
internal_weight=528.915 299.004 229.911 209.852 181.765 184.268 48.9016 150.669 25.623 23.2785 28.0865 23.7701 135.367 133.601 31.0963 20.059 4.33577 15.7232 114.736 16.3399 9.41538 98.3958 7.94796 90.4478 14.5687
internal_count=12236 8637 3599 3121 2869 4411 1076 2312 462 614 252 214 3335 3307 557 478 100 378 4226 553 296 3673 285 3388 349
is_linear=0
shrinkage=0.05


Tree=13
num_leaves=28
num_cat=0
split_feature=13 5 2 13 17 16 10 13 5 8 5 17 12 16 8 16 12 8 8 4 2 17 2 17 16 15 15
split_gain=70.4315 31.9656 23.1149 24.9182 13.8375 12.4848 13.7495 11.0069 13.4731 17.1548 10.997 11.7245 5.54998 5.11856 4.51962 4.3297 2.91099 3.12706 2.31832 2.22022 2.14731 1.75839 1.74518 1.46678 0.925168 1.92503 0.667635
threshold=1.3467940505563847 1.5000000000000002 2.1750000000000003 0.84564649725649976 0.78020000000000012 0.17695000000000002 19.500000000000004 0.83254619597094637 4.0000000000000009 0.89444444444444449 4.0000000000000009 0.3433500000000001 1.9500000000000002 0.10825000000000001 0.32051282051282054 0.39010000000000006 -0.6499999999999998 0.15587044534412958 0.79285714285714304 4.5000000000000009 4.7500000000000009 0.49625000000000002 6.9500000000000011 0.62330000000000008 0.077500000000000027 0.41287878787878546 2.9409722222222219
decision_type=2 2 2 2 2 10 8 2 2 2 2 2 10 10 2 10 8 2 2 2 2 2 2 2 8 2 2
left_child=2 16 3 5 10 18 -7 13 9 -9 11 -3 23 -4 -15 -10 17 20 -1 -12 -2 -14 -19 -5 25 -18 -26
right_child=1 4 7 12 -6 6 -8 8 15 -11 19 -13 21 14 -16 -17 24 22 -20 -21 -22 -23 -24 -25 26 -27 -28
leaf_value=0.026269409827382535 0.012779189554028495 0.025074020453551085 -0.011070769034160521 0.044650780538255899 0.04593960422215175 -0.096884504654835085 -0.00077934580573773421 -0.023162195661705222 0.023665068816344056 -0.07584228256302554 0.033420343491133687 -0.0093546084989080385 -0.060337941192712519 -0.10328790276102989 -0.048013821456209832 -0.034966983198856105 0.040723209889924422 0.038374779834115816 -0.024957352461913277 -0.014501384047991889 -0.05341548300252881 0.0059921753296616909 0 0.020419480074430115 0.046922361587960724 -0.0057072148917386399 0.0014851091484896122
leaf_weight=6.4841462187469023 1.7487253956496744 28.509340900927782 4.7926443256437805 18.95539939776063 17.537588827311993 9.104683974757787 6.0848139319568881 88.940291335806251 15.401523008942606 18.397690197452903 25.885733820497993 150.87758763507009 1.1894990708678954 7.8564726896584061 13.831783533096312 2.9111095629632464 4.0985515732318154 10.74084824323654 2.1457027234137058 1.9505281336605538 1.344083474949002 1.3153880797326563 3.772866489365696 14.914895532652734 64.729067584499717 3.2910227719694376 1.1163495536893595
leaf_count=102 62 700 44 477 584 104 81 1342 239 263 676 3708 28 62 112 50 123 349 33 47 40 37 106 417 2315 101 34
internal_value=-0.000204138 0.0147494 -0.0224195 0.00369885 0.00454692 -0.0351102 -0.0611204 -0.0327432 -0.0261191 -0.0328544 0.000815981 -0.0037466 0.0295052 -0.0618985 -0.071927 0.0127576 0.0396137 0.0192265 0.0117443 0.0295026 -0.0207886 -0.0323079 0.0288662 0.0350154 0.0441227 0.0212334 0.0462606
internal_weight=527.928 315.602 212.326 60.1945 224.761 23.8193 15.1895 152.132 125.651 107.338 207.223 179.387 36.3752 26.4809 21.6883 18.3126 90.8415 17.6065 8.62985 27.8363 3.09281 2.50489 14.5137 33.8703 73.235 7.38957 65.8454
internal_count=12236 8845 3391 1279 5715 320 185 2112 1894 1605 5131 4408 959 218 174 289 3130 557 135 723 102 65 455 894 2573 224 2349
is_linear=0
shrinkage=0.05


Tree=14
num_leaves=26
num_cat=0
split_feature=0 0 0 17 3 12 0 10 11 14 10 16 14 3 15 4 16 10 15 3 15 12 15 16 12
split_gain=106.861 33.0431 18.9529 17.2447 10.7828 10.7171 16.4082 9.9025 13.7567 7.62685 6.20073 6.14318 6.26586 4.9756 8.91196 4.71019 4.33064 5.25145 4.11378 3.19048 3.17723 1.63186 2.17899 6.51776 1.35454
threshold=0.38459960456110703 0.59813876393970988 0.2240280198193661 0.35310000000000002 7.5000000000000009 0.25000000000000006 0.35100849954860219 17.500000000000004 0.32952069716775606 1.5000000000000002 8.5000000000000018 0.15185000000000001 2.5000000000000004 10.500000000000002 -1.1201923076923064 2.5000000000000004 0.15655000000000002 13.500000000000002 2.0801282051282084 12.500000000000002 -0.27777777777777496 0.65000000000000013 -1.9807692307692297 0.32880000000000004 0.55000000000000016
decision_type=2 2 2 2 2 10 2 8 10 10 10 10 10 2 2 2 8 8 2 2 2 8 2 10 10
left_child=2 4 10 16 7 9 -7 8 -2 -5 -1 20 -13 15 -15 -6 19 -18 -9 -4 -12 22 23 -3 -24
right_child=1 21 3 5 13 6 -8 18 -10 -11 11 12 -14 14 -16 -17 17 -19 -20 -21 -22 -23 24 -25 -26
leaf_value=-0.12087469594345851 0.0067534777840697405 0.036148401218168431 0.032958188583140251 0.033833877562871144 0.034652423067766808 -0.051591598148531315 0.0024605053606561204 0.028456607630754579 -0.060316977443439501 -0.018103941762696217 -0.053184776430635197 -0.10464474580124608 -0.037454852572642632 -0.037204824956995543 0.01255256274138962 0.009482528849494706 -0.054108943657695974 0.0099244528600489733 -0.018044348552079443 -0.015351771693667172 0.00071043386871154151 0.048643658868481154 0.038013573995195463 -0.077627493518097584 -0.0033659264589325278
leaf_weight=3.4183513261377838 13.237865811213853 2.6824754625558849 19.007755262777213 6.7217453196644774 39.291435029357672 60.621857162564993 17.843748945742846 13.927612124010922 16.1630615927279 85.418938843533397 3.0337603613734245 6.4667018949985531 10.736064810305832 10.130134433507918 45.771593015640974 37.704710256308317 3.6118351109325859 9.4685419201850891 6.0319475196301928 3.3510194197297087 7.8650300242006796 57.740025296807289 44.268358889967203 0.9091610051691531 1.6746585182845581
leaf_count=28 284 97 380 106 1011 870 337 334 327 1326 36 46 91 240 1145 939 59 167 131 70 83 2348 1682 33 66
internal_value=-0.000185978 0.0201668 -0.0249924 -0.0192426 0.00709412 -0.0258212 -0.0393605 -0.0126323 -0.030725 -0.0139388 -0.0606775 -0.0492812 -0.0673482 0.0144978 0.00295261 0.0226705 0.0121292 -0.00998886 0.0139746 0.0251564 -0.0170804 0.0420602 0.0334765 -0.00219699 0.0363592
internal_weight=527.098 289.533 237.565 206.045 182.258 170.606 78.4656 49.3605 29.4009 92.1407 31.5199 28.1016 17.2028 132.898 55.9017 76.9961 35.4392 13.0804 19.9596 22.3588 10.8988 107.275 49.5347 3.59164 45.943
internal_count=12236 8637 3599 3315 4411 2639 1207 1076 611 1432 284 256 137 3335 1385 1950 676 226 465 450 119 4226 1878 130 1748
is_linear=0
shrinkage=0.05


end of trees

feature_importances:
wp=74
value_rating=43
weight_diff=37
career_win_pct=35
wp_margin=32
days_since=28
form_score=25
odds=24
career_place_pct=24
form_trend=22
field_size=18
barrier_relative=12
age=11
class_bucket=10
distance_bucket=7
speed_map_pos=2
track_cond_bucket=1

parameters:
[boosting: gbdt]
[objective: binary]
[metric: binary_logloss,auc]
[tree_learner: serial]
[device_type: cpu]
[data_sample_strategy: bagging]
[data: ]
[valid: ]
[num_iterations: 500]
[learning_rate: 0.05]
[num_leaves: 31]
[num_threads: 0]
[seed: 42]
[deterministic: 0]
[force_col_wise: 0]
[force_row_wise: 0]
[histogram_pool_size: -1]
[max_depth: 5]
[min_data_in_leaf: 30]
[min_sum_hessian_in_leaf: 0.001]
[bagging_fraction: 0.8]
[pos_bagging_fraction: 1]
[neg_bagging_fraction: 1]
[bagging_freq: 5]
[bagging_seed: 400]
[bagging_by_query: 0]
[feature_fraction: 0.8]
[feature_fraction_bynode: 1]
[feature_fraction_seed: 30056]
[extra_trees: 0]
[extra_seed: 12879]
[early_stopping_round: 0]
[early_stopping_min_delta: 0]
[first_metric_only: 0]
[max_delta_step: 0]
[lambda_l1: 0.1]
[lambda_l2: 1]
[linear_lambda: 0]
[min_gain_to_split: 0]
[drop_rate: 0.1]
[max_drop: 50]
[skip_drop: 0.5]
[xgboost_dart_mode: 0]
[uniform_drop: 0]
[drop_seed: 17869]
[top_rate: 0.2]
[other_rate: 0.1]
[min_data_per_group: 100]
[max_cat_threshold: 32]
[cat_l2: 10]
[cat_smooth: 10]
[max_cat_to_onehot: 4]
[top_k: 20]
[monotone_constraints: ]
[monotone_constraints_method: basic]
[monotone_penalty: 0]
[feature_contri: ]
[forcedsplits_filename: ]
[refit_decay_rate: 0.9]
[cegb_tradeoff: 1]
[cegb_penalty_split: 0]
[cegb_penalty_feature_lazy: ]
[cegb_penalty_feature_coupled: ]
[path_smooth: 0]
[interaction_constraints: ]
[verbosity: -1]
[saved_feature_importance_type: 0]
[use_quantized_grad: 0]
[num_grad_quant_bins: 4]
[quant_train_renew_leaf: 0]
[stochastic_rounding: 1]
[linear_tree: 0]
[max_bin: 255]
[max_bin_by_feature: ]
[min_data_in_bin: 3]
[bin_construct_sample_cnt: 200000]
[data_random_seed: 175]
[is_enable_sparse: 1]
[enable_bundle: 1]
[use_missing: 1]
[zero_as_missing: 0]
[feature_pre_filter: 1]
[pre_partition: 0]
[two_round: 0]
[header: 0]
[label_column: ]
[weight_column: ]
[group_column: ]
[ignore_column: ]
[categorical_feature: ]
[forcedbins_filename: ]
[precise_float_parser: 0]
[parser_config_file: ]
[objective_seed: 16083]
[num_class: 1]
[is_unbalance: 0]
[scale_pos_weight: 1]
[sigmoid: 1]
[boost_from_average: 1]
[reg_sqrt: 0]
[alpha: 0.9]
[fair_c: 1]
[poisson_max_delta_step: 0.7]
[tweedie_variance_power: 1.5]
[lambdarank_truncation_level: 30]
[lambdarank_norm: 1]
[label_gain: ]
[lambdarank_position_bias_regularization: 0]
[eval_at: ]
[multi_error_top_k: 1]
[auc_mu_weights: ]
[num_machines: 1]
[local_listen_port: 12400]
[time_out: 120]
[machine_list_filename: ]
[machines: ]
[gpu_platform_id: -1]
[gpu_device_id: -1]
[gpu_use_dp: 0]
[num_gpu: 1]

end of parameters

pandas_categorical:null
